<!DOCTYPE html>

<html>

<head>

<meta charset="utf-8" />
<meta name="generator" content="pandoc" />
<meta http-equiv="X-UA-Compatible" content="IE=EDGE" />

<meta name="viewport" content="width=device-width, initial-scale=1" />



<title>lglasso: identify networks from correlated data</title>

<script>// Pandoc 2.9 adds attributes on both header and div. We remove the former (to
// be compatible with the behavior of Pandoc < 2.8).
document.addEventListener('DOMContentLoaded', function(e) {
  var hs = document.querySelectorAll("div.section[class*='level'] > :first-child");
  var i, h, a;
  for (i = 0; i < hs.length; i++) {
    h = hs[i];
    if (!/^h[1-6]$/i.test(h.tagName)) continue;  // it should be a header h1-h6
    a = h.attributes;
    while (a.length > 0) h.removeAttribute(a[0].name);
  }
});
</script>

<style type="text/css">
code{white-space: pre-wrap;}
span.smallcaps{font-variant: small-caps;}
span.underline{text-decoration: underline;}
div.column{display: inline-block; vertical-align: top; width: 50%;}
div.hanging-indent{margin-left: 1.5em; text-indent: -1.5em;}
ul.task-list{list-style: none;}
</style>



<style type="text/css">
code {
white-space: pre;
}
.sourceCode {
overflow: visible;
}
</style>
<style type="text/css" data-origin="pandoc">
pre > code.sourceCode { white-space: pre; position: relative; }
pre > code.sourceCode > span { line-height: 1.25; }
pre > code.sourceCode > span:empty { height: 1.2em; }
.sourceCode { overflow: visible; }
code.sourceCode > span { color: inherit; text-decoration: inherit; }
div.sourceCode { margin: 1em 0; }
pre.sourceCode { margin: 0; }
@media screen {
div.sourceCode { overflow: auto; }
}
@media print {
pre > code.sourceCode { white-space: pre-wrap; }
pre > code.sourceCode > span { display: inline-block; text-indent: -5em; padding-left: 5em; }
}
pre.numberSource code
{ counter-reset: source-line 0; }
pre.numberSource code > span
{ position: relative; left: -4em; counter-increment: source-line; }
pre.numberSource code > span > a:first-child::before
{ content: counter(source-line);
position: relative; left: -1em; text-align: right; vertical-align: baseline;
border: none; display: inline-block;
-webkit-touch-callout: none; -webkit-user-select: none;
-khtml-user-select: none; -moz-user-select: none;
-ms-user-select: none; user-select: none;
padding: 0 4px; width: 4em;
color: #aaaaaa;
}
pre.numberSource { margin-left: 3em; border-left: 1px solid #aaaaaa; padding-left: 4px; }
div.sourceCode
{ }
@media screen {
pre > code.sourceCode > span > a:first-child::before { text-decoration: underline; }
}
code span.al { color: #ff0000; font-weight: bold; } 
code span.an { color: #60a0b0; font-weight: bold; font-style: italic; } 
code span.at { color: #7d9029; } 
code span.bn { color: #40a070; } 
code span.bu { color: #008000; } 
code span.cf { color: #007020; font-weight: bold; } 
code span.ch { color: #4070a0; } 
code span.cn { color: #880000; } 
code span.co { color: #60a0b0; font-style: italic; } 
code span.cv { color: #60a0b0; font-weight: bold; font-style: italic; } 
code span.do { color: #ba2121; font-style: italic; } 
code span.dt { color: #902000; } 
code span.dv { color: #40a070; } 
code span.er { color: #ff0000; font-weight: bold; } 
code span.ex { } 
code span.fl { color: #40a070; } 
code span.fu { color: #06287e; } 
code span.im { color: #008000; font-weight: bold; } 
code span.in { color: #60a0b0; font-weight: bold; font-style: italic; } 
code span.kw { color: #007020; font-weight: bold; } 
code span.op { color: #666666; } 
code span.ot { color: #007020; } 
code span.pp { color: #bc7a00; } 
code span.sc { color: #4070a0; } 
code span.ss { color: #bb6688; } 
code span.st { color: #4070a0; } 
code span.va { color: #19177c; } 
code span.vs { color: #4070a0; } 
code span.wa { color: #60a0b0; font-weight: bold; font-style: italic; } 
</style>
<script>
// apply pandoc div.sourceCode style to pre.sourceCode instead
(function() {
  var sheets = document.styleSheets;
  for (var i = 0; i < sheets.length; i++) {
    if (sheets[i].ownerNode.dataset["origin"] !== "pandoc") continue;
    try { var rules = sheets[i].cssRules; } catch (e) { continue; }
    var j = 0;
    while (j < rules.length) {
      var rule = rules[j];
      // check if there is a div.sourceCode rule
      if (rule.type !== rule.STYLE_RULE || rule.selectorText !== "div.sourceCode") {
        j++;
        continue;
      }
      var style = rule.style.cssText;
      // check if color or background-color is set
      if (rule.style.color === '' && rule.style.backgroundColor === '') {
        j++;
        continue;
      }
      // replace div.sourceCode by a pre.sourceCode rule
      sheets[i].deleteRule(j);
      sheets[i].insertRule('pre.sourceCode{' + style + '}', j);
    }
  }
})();
</script>




<style type="text/css">body {
background-color: #fff;
margin: 1em auto;
max-width: 700px;
overflow: visible;
padding-left: 2em;
padding-right: 2em;
font-family: "Open Sans", "Helvetica Neue", Helvetica, Arial, sans-serif;
font-size: 14px;
line-height: 1.35;
}
#TOC {
clear: both;
margin: 0 0 10px 10px;
padding: 4px;
width: 400px;
border: 1px solid #CCCCCC;
border-radius: 5px;
background-color: #f6f6f6;
font-size: 13px;
line-height: 1.3;
}
#TOC .toctitle {
font-weight: bold;
font-size: 15px;
margin-left: 5px;
}
#TOC ul {
padding-left: 40px;
margin-left: -1.5em;
margin-top: 5px;
margin-bottom: 5px;
}
#TOC ul ul {
margin-left: -2em;
}
#TOC li {
line-height: 16px;
}
table {
margin: 1em auto;
border-width: 1px;
border-color: #DDDDDD;
border-style: outset;
border-collapse: collapse;
}
table th {
border-width: 2px;
padding: 5px;
border-style: inset;
}
table td {
border-width: 1px;
border-style: inset;
line-height: 18px;
padding: 5px 5px;
}
table, table th, table td {
border-left-style: none;
border-right-style: none;
}
table thead, table tr.even {
background-color: #f7f7f7;
}
p {
margin: 0.5em 0;
}
blockquote {
background-color: #f6f6f6;
padding: 0.25em 0.75em;
}
hr {
border-style: solid;
border: none;
border-top: 1px solid #777;
margin: 28px 0;
}
dl {
margin-left: 0;
}
dl dd {
margin-bottom: 13px;
margin-left: 13px;
}
dl dt {
font-weight: bold;
}
ul {
margin-top: 0;
}
ul li {
list-style: circle outside;
}
ul ul {
margin-bottom: 0;
}
pre, code {
background-color: #f7f7f7;
border-radius: 3px;
color: #333;
white-space: pre-wrap; 
}
pre {
border-radius: 3px;
margin: 5px 0px 10px 0px;
padding: 10px;
}
pre:not([class]) {
background-color: #f7f7f7;
}
code {
font-family: Consolas, Monaco, 'Courier New', monospace;
font-size: 85%;
}
p > code, li > code {
padding: 2px 0px;
}
div.figure {
text-align: center;
}
img {
background-color: #FFFFFF;
padding: 2px;
border: 1px solid #DDDDDD;
border-radius: 3px;
border: 1px solid #CCCCCC;
margin: 0 5px;
}
h1 {
margin-top: 0;
font-size: 35px;
line-height: 40px;
}
h2 {
border-bottom: 4px solid #f7f7f7;
padding-top: 10px;
padding-bottom: 2px;
font-size: 145%;
}
h3 {
border-bottom: 2px solid #f7f7f7;
padding-top: 10px;
font-size: 120%;
}
h4 {
border-bottom: 1px solid #f7f7f7;
margin-left: 8px;
font-size: 105%;
}
h5, h6 {
border-bottom: 1px solid #ccc;
font-size: 105%;
}
a {
color: #0033dd;
text-decoration: none;
}
a:hover {
color: #6666ff; }
a:visited {
color: #800080; }
a:visited:hover {
color: #BB00BB; }
a[href^="http:"] {
text-decoration: underline; }
a[href^="https:"] {
text-decoration: underline; }

code > span.kw { color: #555; font-weight: bold; } 
code > span.dt { color: #902000; } 
code > span.dv { color: #40a070; } 
code > span.bn { color: #d14; } 
code > span.fl { color: #d14; } 
code > span.ch { color: #d14; } 
code > span.st { color: #d14; } 
code > span.co { color: #888888; font-style: italic; } 
code > span.ot { color: #007020; } 
code > span.al { color: #ff0000; font-weight: bold; } 
code > span.fu { color: #900; font-weight: bold; } 
code > span.er { color: #a61717; background-color: #e3d2d2; } 
</style>




</head>

<body>




<h1 class="title toc-ignore">lglasso: identify networks from correlated
data</h1>



<p>This package implements the algorithms proposed in Zhou et
al. (2021), which aims to estimates the microbial interaction network
based on Gaussian graphical model and irregularly-spaced longitudinal
data. There are two related models in Zhou et al. (2021) which can
handle two different questions. The first model is called homogeneous
stationary Gaussian graphical model (SGGM) in which all the subjects
share a same auto-correlation parameter <span class="math inline">\(\tau\)</span>. For homogeneous SGGM, an iterative
graphical lasso algorithm is proposed to compute the <span class="math inline">\(l_1\)</span> penalized maximum likelihood estimate
(MLE) of the network. The second model is called heterogeneous SGGM in
which each subject possesses his/her own auto-correlation parameter
<span class="math inline">\(\tau_i\)</span>. For heterogeneous SGGM,
given the complex form of its likelihood function, an
expectation-maximization (EM) type algorithm is devised to compute the
<span class="math inline">\(l_1\)</span> penalized MLE of the network
and <span class="math inline">\(\tau_i\)</span>’s, which integrates the
EM algorithm with conventional graphical lasso algorithm (Friedman
(2019)) and therefore can be implemented very efficiently. For the
details of the algorithms and the output of the packages, please see
Zhou et al. (2021).</p>
<div class="sourceCode" id="cb1"><pre class="sourceCode r"><code class="sourceCode r"><span id="cb1-1"><a href="#cb1-1" tabindex="-1"></a><span class="fu">library</span>(lglasso)</span></code></pre></div>
<p>There are two main functions in this package. The first one is <span class="math inline">\(lglasso\)</span> which can output a sparse network
representing the precision matrix by maximizing the <span class="math inline">\(l_1\)</span> penalized likelihood function. The
second function if <span class="math inline">\(mle\)</span>, which can
compute the maximum likelihood estimates of precision matrix and the
correlation parameter <span class="math inline">\(\tau\)</span> for a
given network structure produced from function <span class="math inline">\(lglasso\)</span>.</p>
<div class="sourceCode" id="cb2"><pre class="sourceCode r"><code class="sourceCode r"><span id="cb2-1"><a href="#cb2-1" tabindex="-1"></a><span class="co"># number of nodes</span></span>
<span id="cb2-2"><a href="#cb2-2" tabindex="-1"></a>p<span class="ot">=</span><span class="dv">10</span></span>
<span id="cb2-3"><a href="#cb2-3" tabindex="-1"></a><span class="co"># number of edge in general network</span></span>
<span id="cb2-4"><a href="#cb2-4" tabindex="-1"></a>m1<span class="ot">=</span><span class="dv">10</span></span>
<span id="cb2-5"><a href="#cb2-5" tabindex="-1"></a><span class="co"># the difference between the number of edges in individual networks and general network</span></span>
<span id="cb2-6"><a href="#cb2-6" tabindex="-1"></a>m2<span class="ot">=</span><span class="dv">0</span></span>
<span id="cb2-7"><a href="#cb2-7" tabindex="-1"></a><span class="co">#  number of clusters</span></span>
<span id="cb2-8"><a href="#cb2-8" tabindex="-1"></a>m3<span class="ot">=</span><span class="dv">5</span></span>
<span id="cb2-9"><a href="#cb2-9" tabindex="-1"></a><span class="co"># number of subjects</span></span>
<span id="cb2-10"><a href="#cb2-10" tabindex="-1"></a>n<span class="ot">=</span><span class="dv">20</span></span>
<span id="cb2-11"><a href="#cb2-11" tabindex="-1"></a><span class="co"># correlation between cluster</span></span>
<span id="cb2-12"><a href="#cb2-12" tabindex="-1"></a>rho<span class="ot">=</span><span class="fl">0.8</span></span></code></pre></div>
<div id="model-1-clustered-data-with-no-correlation-structure" class="section level2">
<h2>Model 1: clustered data with no correlation structure</h2>
<div class="sourceCode" id="cb3"><pre class="sourceCode r"><code class="sourceCode r"><span id="cb3-1"><a href="#cb3-1" tabindex="-1"></a><span class="fu">set.seed</span>(<span class="dv">5</span>)</span>
<span id="cb3-2"><a href="#cb3-2" tabindex="-1"></a>cc<span class="ot">=</span><span class="fu">matrix</span>(rho,<span class="at">ncol =</span> m3,<span class="at">nrow =</span> m3)</span>
<span id="cb3-3"><a href="#cb3-3" tabindex="-1"></a><span class="fu">diag</span>(cc)<span class="ot">=</span><span class="dv">1</span></span>
<span id="cb3-4"><a href="#cb3-4" tabindex="-1"></a>dd<span class="ot">=</span><span class="fu">simulate</span>(<span class="at">n=</span>n,<span class="at">p=</span>p,<span class="at">m1=</span>m1,<span class="at">m2=</span>m2,<span class="at">m3=</span>m3,<span class="at">cc=</span>cc,<span class="at">homo=</span>T)</span>
<span id="cb3-5"><a href="#cb3-5" tabindex="-1"></a>ddata<span class="ot">=</span>dd<span class="sc">$</span>data</span></code></pre></div>
<div id="estimate-individual-networks" class="section level3">
<h3>estimate individual networks</h3>
<div class="sourceCode" id="cb4"><pre class="sourceCode r"><code class="sourceCode r"><span id="cb4-1"><a href="#cb4-1" tabindex="-1"></a>aa<span class="ot">=</span><span class="fu">lglasso</span>(<span class="at">data=</span>ddata,<span class="at">lambda =</span> <span class="fu">c</span>(<span class="fl">0.1</span>,<span class="fl">0.1</span>),<span class="at">type=</span><span class="st">&quot;general&quot;</span>,<span class="at">group =</span> ddata[,<span class="dv">2</span>])</span>
<span id="cb4-2"><a href="#cb4-2" tabindex="-1"></a>aa</span>
<span id="cb4-3"><a href="#cb4-3" tabindex="-1"></a><span class="co">#&gt; $wi</span></span>
<span id="cb4-4"><a href="#cb4-4" tabindex="-1"></a><span class="co">#&gt;           [,1]    [,2]     [,3]    [,4]     [,5]     [,6]     [,7]     [,8]</span></span>
<span id="cb4-5"><a href="#cb4-5" tabindex="-1"></a><span class="co">#&gt;  [1,] 5.638878 0.00000 0.000000 0.00000 0.000000 0.000000 0.000000 0.000000</span></span>
<span id="cb4-6"><a href="#cb4-6" tabindex="-1"></a><span class="co">#&gt;  [2,] 0.000000 4.51016 0.000000 0.00000 0.000000 0.000000 0.000000 0.000000</span></span>
<span id="cb4-7"><a href="#cb4-7" tabindex="-1"></a><span class="co">#&gt;  [3,] 0.000000 0.00000 6.000089 0.00000 0.000000 0.000000 0.000000 0.000000</span></span>
<span id="cb4-8"><a href="#cb4-8" tabindex="-1"></a><span class="co">#&gt;  [4,] 0.000000 0.00000 0.000000 3.63115 0.000000 0.000000 0.000000 0.000000</span></span>
<span id="cb4-9"><a href="#cb4-9" tabindex="-1"></a><span class="co">#&gt;  [5,] 0.000000 0.00000 0.000000 0.00000 5.885079 0.000000 0.000000 0.000000</span></span>
<span id="cb4-10"><a href="#cb4-10" tabindex="-1"></a><span class="co">#&gt;  [6,] 0.000000 0.00000 0.000000 0.00000 0.000000 6.141764 0.000000 0.000000</span></span>
<span id="cb4-11"><a href="#cb4-11" tabindex="-1"></a><span class="co">#&gt;  [7,] 0.000000 0.00000 0.000000 0.00000 0.000000 0.000000 5.361667 0.000000</span></span>
<span id="cb4-12"><a href="#cb4-12" tabindex="-1"></a><span class="co">#&gt;  [8,] 0.000000 0.00000 0.000000 0.00000 0.000000 0.000000 0.000000 2.445358</span></span>
<span id="cb4-13"><a href="#cb4-13" tabindex="-1"></a><span class="co">#&gt;  [9,] 0.000000 0.00000 0.000000 0.00000 0.000000 0.000000 0.000000 0.000000</span></span>
<span id="cb4-14"><a href="#cb4-14" tabindex="-1"></a><span class="co">#&gt; [10,] 0.000000 0.00000 0.000000 0.00000 0.000000 0.000000 0.000000 0.000000</span></span>
<span id="cb4-15"><a href="#cb4-15" tabindex="-1"></a><span class="co">#&gt;           [,9]    [,10]</span></span>
<span id="cb4-16"><a href="#cb4-16" tabindex="-1"></a><span class="co">#&gt;  [1,] 0.000000 0.000000</span></span>
<span id="cb4-17"><a href="#cb4-17" tabindex="-1"></a><span class="co">#&gt;  [2,] 0.000000 0.000000</span></span>
<span id="cb4-18"><a href="#cb4-18" tabindex="-1"></a><span class="co">#&gt;  [3,] 0.000000 0.000000</span></span>
<span id="cb4-19"><a href="#cb4-19" tabindex="-1"></a><span class="co">#&gt;  [4,] 0.000000 0.000000</span></span>
<span id="cb4-20"><a href="#cb4-20" tabindex="-1"></a><span class="co">#&gt;  [5,] 0.000000 0.000000</span></span>
<span id="cb4-21"><a href="#cb4-21" tabindex="-1"></a><span class="co">#&gt;  [6,] 0.000000 0.000000</span></span>
<span id="cb4-22"><a href="#cb4-22" tabindex="-1"></a><span class="co">#&gt;  [7,] 0.000000 0.000000</span></span>
<span id="cb4-23"><a href="#cb4-23" tabindex="-1"></a><span class="co">#&gt;  [8,] 0.000000 0.000000</span></span>
<span id="cb4-24"><a href="#cb4-24" tabindex="-1"></a><span class="co">#&gt;  [9,] 4.225643 0.000000</span></span>
<span id="cb4-25"><a href="#cb4-25" tabindex="-1"></a><span class="co">#&gt; [10,] 0.000000 4.525404</span></span>
<span id="cb4-26"><a href="#cb4-26" tabindex="-1"></a><span class="co">#&gt; </span></span>
<span id="cb4-27"><a href="#cb4-27" tabindex="-1"></a><span class="co">#&gt; $wiList</span></span>
<span id="cb4-28"><a href="#cb4-28" tabindex="-1"></a><span class="co">#&gt; $wiList[[1]]</span></span>
<span id="cb4-29"><a href="#cb4-29" tabindex="-1"></a><span class="co">#&gt;                [,1]          [,2]          [,3]          [,4]          [,5]</span></span>
<span id="cb4-30"><a href="#cb4-30" tabindex="-1"></a><span class="co">#&gt;  [1,]  5.638878e+00 -4.875949e-07  2.207957e-06 -1.178947e-06  6.882972e-07</span></span>
<span id="cb4-31"><a href="#cb4-31" tabindex="-1"></a><span class="co">#&gt;  [2,] -4.875949e-07  4.510157e+00 -1.129653e-06  1.105083e-07  1.475128e-06</span></span>
<span id="cb4-32"><a href="#cb4-32" tabindex="-1"></a><span class="co">#&gt;  [3,]  2.207957e-06 -1.129653e-06  6.000089e+00  7.044737e-07 -5.352238e-07</span></span>
<span id="cb4-33"><a href="#cb4-33" tabindex="-1"></a><span class="co">#&gt;  [4,] -1.178947e-06  1.105083e-07  7.044737e-07  3.631147e+00  1.878602e-07</span></span>
<span id="cb4-34"><a href="#cb4-34" tabindex="-1"></a><span class="co">#&gt;  [5,]  6.882972e-07  1.475128e-06 -5.352238e-07  1.878602e-07  5.885077e+00</span></span>
<span id="cb4-35"><a href="#cb4-35" tabindex="-1"></a><span class="co">#&gt;  [6,] -1.603138e-06  5.917013e-07  9.463827e-07 -2.112833e-06  3.303252e-06</span></span>
<span id="cb4-36"><a href="#cb4-36" tabindex="-1"></a><span class="co">#&gt;  [7,]  1.682674e-06 -4.547360e-07 -1.343685e-06  2.878651e-06 -3.580545e-07</span></span>
<span id="cb4-37"><a href="#cb4-37" tabindex="-1"></a><span class="co">#&gt;  [8,] -9.264263e-07 -6.150036e-06 -2.342631e-07  9.611400e-07  1.182875e-06</span></span>
<span id="cb4-38"><a href="#cb4-38" tabindex="-1"></a><span class="co">#&gt;  [9,]  6.691707e-07  2.158297e-06 -5.999897e-07  1.610225e-06  4.715023e-07</span></span>
<span id="cb4-39"><a href="#cb4-39" tabindex="-1"></a><span class="co">#&gt; [10,]  2.042795e-07 -9.381121e-07 -3.976018e-07  3.393345e-06 -4.210376e-06</span></span>
<span id="cb4-40"><a href="#cb4-40" tabindex="-1"></a><span class="co">#&gt;                [,6]          [,7]          [,8]          [,9]         [,10]</span></span>
<span id="cb4-41"><a href="#cb4-41" tabindex="-1"></a><span class="co">#&gt;  [1,] -1.603138e-06  1.682674e-06 -9.264263e-07  6.691707e-07  2.042795e-07</span></span>
<span id="cb4-42"><a href="#cb4-42" tabindex="-1"></a><span class="co">#&gt;  [2,]  5.917013e-07 -4.547360e-07 -6.150036e-06  2.158297e-06 -9.381121e-07</span></span>
<span id="cb4-43"><a href="#cb4-43" tabindex="-1"></a><span class="co">#&gt;  [3,]  9.463827e-07 -1.343685e-06 -2.342631e-07 -5.999897e-07 -3.976018e-07</span></span>
<span id="cb4-44"><a href="#cb4-44" tabindex="-1"></a><span class="co">#&gt;  [4,] -2.112833e-06  2.878651e-06  9.611400e-07  1.610225e-06  3.393345e-06</span></span>
<span id="cb4-45"><a href="#cb4-45" tabindex="-1"></a><span class="co">#&gt;  [5,]  3.303252e-06 -3.580545e-07  1.182875e-06  4.715023e-07 -4.210376e-06</span></span>
<span id="cb4-46"><a href="#cb4-46" tabindex="-1"></a><span class="co">#&gt;  [6,]  6.141764e+00  1.619450e-06  4.318823e-07 -3.905753e-07  2.940409e-06</span></span>
<span id="cb4-47"><a href="#cb4-47" tabindex="-1"></a><span class="co">#&gt;  [7,]  1.619450e-06  5.361668e+00  5.277350e-08 -3.273660e-07 -2.720477e-07</span></span>
<span id="cb4-48"><a href="#cb4-48" tabindex="-1"></a><span class="co">#&gt;  [8,]  4.318823e-07  5.277350e-08  1.566780e+00  3.065511e-06 -1.938519e-06</span></span>
<span id="cb4-49"><a href="#cb4-49" tabindex="-1"></a><span class="co">#&gt;  [9,] -3.905753e-07 -3.273660e-07  3.065511e-06  4.225642e+00  4.832038e-07</span></span>
<span id="cb4-50"><a href="#cb4-50" tabindex="-1"></a><span class="co">#&gt; [10,]  2.940409e-06 -2.720477e-07 -1.938519e-06  4.832038e-07  4.525398e+00</span></span>
<span id="cb4-51"><a href="#cb4-51" tabindex="-1"></a><span class="co">#&gt; </span></span>
<span id="cb4-52"><a href="#cb4-52" tabindex="-1"></a><span class="co">#&gt; $wiList[[2]]</span></span>
<span id="cb4-53"><a href="#cb4-53" tabindex="-1"></a><span class="co">#&gt;                [,1]          [,2]          [,3]          [,4]          [,5]</span></span>
<span id="cb4-54"><a href="#cb4-54" tabindex="-1"></a><span class="co">#&gt;  [1,]  5.638877e+00  8.666494e-07  3.217481e-06 -9.461669e-07  3.146648e-07</span></span>
<span id="cb4-55"><a href="#cb4-55" tabindex="-1"></a><span class="co">#&gt;  [2,]  8.666494e-07  4.510155e+00 -9.366023e-07  1.933080e-06  1.881640e-06</span></span>
<span id="cb4-56"><a href="#cb4-56" tabindex="-1"></a><span class="co">#&gt;  [3,]  3.217481e-06 -9.366023e-07  6.000088e+00  8.482143e-07 -8.569767e-07</span></span>
<span id="cb4-57"><a href="#cb4-57" tabindex="-1"></a><span class="co">#&gt;  [4,] -9.461669e-07  1.933080e-06  8.482143e-07  2.433474e+00 -1.586330e-06</span></span>
<span id="cb4-58"><a href="#cb4-58" tabindex="-1"></a><span class="co">#&gt;  [5,]  3.146648e-07  1.881640e-06 -8.569767e-07 -1.586330e-06  5.885079e+00</span></span>
<span id="cb4-59"><a href="#cb4-59" tabindex="-1"></a><span class="co">#&gt;  [6,] -2.803412e-06 -1.119769e-07  2.196447e-06 -1.383803e-06  1.846680e-06</span></span>
<span id="cb4-60"><a href="#cb4-60" tabindex="-1"></a><span class="co">#&gt;  [7,]  2.510916e-06 -1.891701e-06 -1.857279e-06  4.279306e-06  9.584813e-07</span></span>
<span id="cb4-61"><a href="#cb4-61" tabindex="-1"></a><span class="co">#&gt;  [8,] -1.038649e-06 -5.584964e-06  4.179209e-07  8.784263e-07 -5.266264e-08</span></span>
<span id="cb4-62"><a href="#cb4-62" tabindex="-1"></a><span class="co">#&gt;  [9,]  2.319064e-07  5.444461e-06 -5.825557e-07  6.092971e-07 -6.632953e-07</span></span>
<span id="cb4-63"><a href="#cb4-63" tabindex="-1"></a><span class="co">#&gt; [10,] -6.174847e-07  1.306654e-06  3.107947e-08  2.330303e-06 -2.772811e-06</span></span>
<span id="cb4-64"><a href="#cb4-64" tabindex="-1"></a><span class="co">#&gt;                [,6]          [,7]          [,8]          [,9]         [,10]</span></span>
<span id="cb4-65"><a href="#cb4-65" tabindex="-1"></a><span class="co">#&gt;  [1,] -2.803412e-06  2.510916e-06 -1.038649e-06  2.319064e-07 -6.174847e-07</span></span>
<span id="cb4-66"><a href="#cb4-66" tabindex="-1"></a><span class="co">#&gt;  [2,] -1.119769e-07 -1.891701e-06 -5.584964e-06  5.444461e-06  1.306654e-06</span></span>
<span id="cb4-67"><a href="#cb4-67" tabindex="-1"></a><span class="co">#&gt;  [3,]  2.196447e-06 -1.857279e-06  4.179209e-07 -5.825557e-07  3.107947e-08</span></span>
<span id="cb4-68"><a href="#cb4-68" tabindex="-1"></a><span class="co">#&gt;  [4,] -1.383803e-06  4.279306e-06  8.784263e-07  6.092971e-07  2.330303e-06</span></span>
<span id="cb4-69"><a href="#cb4-69" tabindex="-1"></a><span class="co">#&gt;  [5,]  1.846680e-06  9.584813e-07 -5.266264e-08 -6.632953e-07 -2.772811e-06</span></span>
<span id="cb4-70"><a href="#cb4-70" tabindex="-1"></a><span class="co">#&gt;  [6,]  6.141764e+00  1.652979e-06  8.184826e-07  8.851516e-07  1.043874e-06</span></span>
<span id="cb4-71"><a href="#cb4-71" tabindex="-1"></a><span class="co">#&gt;  [7,]  1.652979e-06  5.361667e+00  5.643722e-07  1.309963e-06  1.145131e-06</span></span>
<span id="cb4-72"><a href="#cb4-72" tabindex="-1"></a><span class="co">#&gt;  [8,]  8.184826e-07  5.643722e-07  1.554621e+00  3.831848e-06 -1.978168e-06</span></span>
<span id="cb4-73"><a href="#cb4-73" tabindex="-1"></a><span class="co">#&gt;  [9,]  8.851516e-07  1.309963e-06  3.831848e-06  4.225637e+00 -2.354259e-06</span></span>
<span id="cb4-74"><a href="#cb4-74" tabindex="-1"></a><span class="co">#&gt; [10,]  1.043874e-06  1.145131e-06 -1.978168e-06 -2.354259e-06  4.525399e+00</span></span>
<span id="cb4-75"><a href="#cb4-75" tabindex="-1"></a><span class="co">#&gt; </span></span>
<span id="cb4-76"><a href="#cb4-76" tabindex="-1"></a><span class="co">#&gt; $wiList[[3]]</span></span>
<span id="cb4-77"><a href="#cb4-77" tabindex="-1"></a><span class="co">#&gt;                [,1]          [,2]          [,3]          [,4]          [,5]</span></span>
<span id="cb4-78"><a href="#cb4-78" tabindex="-1"></a><span class="co">#&gt;  [1,]  5.638877e+00 -5.559140e-07  2.380638e-06 -1.119547e-06 -6.306266e-07</span></span>
<span id="cb4-79"><a href="#cb4-79" tabindex="-1"></a><span class="co">#&gt;  [2,] -5.559140e-07  4.510158e+00 -1.556546e-06 -3.893805e-07  1.338123e-06</span></span>
<span id="cb4-80"><a href="#cb4-80" tabindex="-1"></a><span class="co">#&gt;  [3,]  2.380638e-06 -1.556546e-06  6.000089e+00  9.165649e-07 -4.858498e-08</span></span>
<span id="cb4-81"><a href="#cb4-81" tabindex="-1"></a><span class="co">#&gt;  [4,] -1.119547e-06 -3.893805e-07  9.165649e-07  3.616390e+00  7.182472e-07</span></span>
<span id="cb4-82"><a href="#cb4-82" tabindex="-1"></a><span class="co">#&gt;  [5,] -6.306266e-07  1.338123e-06 -4.858498e-08  7.182472e-07  5.885079e+00</span></span>
<span id="cb4-83"><a href="#cb4-83" tabindex="-1"></a><span class="co">#&gt;  [6,] -9.464454e-07 -9.233565e-07  7.158851e-07 -3.296168e-06  2.388589e-06</span></span>
<span id="cb4-84"><a href="#cb4-84" tabindex="-1"></a><span class="co">#&gt;  [7,]  2.745872e-06  3.275382e-08 -1.515252e-06  4.309183e-06  8.171032e-07</span></span>
<span id="cb4-85"><a href="#cb4-85" tabindex="-1"></a><span class="co">#&gt;  [8,] -3.010694e-06 -2.662334e-06  2.624946e-06  1.596965e-06  8.256506e-07</span></span>
<span id="cb4-86"><a href="#cb4-86" tabindex="-1"></a><span class="co">#&gt;  [9,]  9.650379e-08  1.853863e-06  4.873110e-07  3.340071e-06 -2.164334e-06</span></span>
<span id="cb4-87"><a href="#cb4-87" tabindex="-1"></a><span class="co">#&gt; [10,] -1.607365e-06  3.525877e-08 -3.576323e-08  4.647246e-06 -3.584389e-06</span></span>
<span id="cb4-88"><a href="#cb4-88" tabindex="-1"></a><span class="co">#&gt;                [,6]          [,7]          [,8]          [,9]         [,10]</span></span>
<span id="cb4-89"><a href="#cb4-89" tabindex="-1"></a><span class="co">#&gt;  [1,] -9.464454e-07  2.745872e-06 -3.010694e-06  9.650379e-08 -1.607365e-06</span></span>
<span id="cb4-90"><a href="#cb4-90" tabindex="-1"></a><span class="co">#&gt;  [2,] -9.233565e-07  3.275382e-08 -2.662334e-06  1.853863e-06  3.525877e-08</span></span>
<span id="cb4-91"><a href="#cb4-91" tabindex="-1"></a><span class="co">#&gt;  [3,]  7.158851e-07 -1.515252e-06  2.624946e-06  4.873110e-07 -3.576323e-08</span></span>
<span id="cb4-92"><a href="#cb4-92" tabindex="-1"></a><span class="co">#&gt;  [4,] -3.296168e-06  4.309183e-06  1.596965e-06  3.340071e-06  4.647246e-06</span></span>
<span id="cb4-93"><a href="#cb4-93" tabindex="-1"></a><span class="co">#&gt;  [5,]  2.388589e-06  8.171032e-07  8.256506e-07 -2.164334e-06 -3.584389e-06</span></span>
<span id="cb4-94"><a href="#cb4-94" tabindex="-1"></a><span class="co">#&gt;  [6,]  6.141764e+00  1.883608e-06  4.636069e-07  1.862562e-06  3.095377e-06</span></span>
<span id="cb4-95"><a href="#cb4-95" tabindex="-1"></a><span class="co">#&gt;  [7,]  1.883608e-06  5.361665e+00  5.746372e-07 -7.052434e-09  6.813396e-07</span></span>
<span id="cb4-96"><a href="#cb4-96" tabindex="-1"></a><span class="co">#&gt;  [8,]  4.636069e-07  5.746372e-07  1.328844e+00  1.841166e-07 -3.437361e-06</span></span>
<span id="cb4-97"><a href="#cb4-97" tabindex="-1"></a><span class="co">#&gt;  [9,]  1.862562e-06 -7.052434e-09  1.841166e-07  4.225640e+00 -2.942098e-06</span></span>
<span id="cb4-98"><a href="#cb4-98" tabindex="-1"></a><span class="co">#&gt; [10,]  3.095377e-06  6.813396e-07 -3.437361e-06 -2.942098e-06  3.275963e+00</span></span>
<span id="cb4-99"><a href="#cb4-99" tabindex="-1"></a><span class="co">#&gt; </span></span>
<span id="cb4-100"><a href="#cb4-100" tabindex="-1"></a><span class="co">#&gt; $wiList[[4]]</span></span>
<span id="cb4-101"><a href="#cb4-101" tabindex="-1"></a><span class="co">#&gt;                [,1]          [,2]          [,3]          [,4]          [,5]</span></span>
<span id="cb4-102"><a href="#cb4-102" tabindex="-1"></a><span class="co">#&gt;  [1,]  5.638877e+00  6.896274e-07  2.888233e-06 -2.064853e-06 -1.049341e-06</span></span>
<span id="cb4-103"><a href="#cb4-103" tabindex="-1"></a><span class="co">#&gt;  [2,]  6.896274e-07  4.510159e+00 -1.005763e-06  1.047691e-06  2.286465e-06</span></span>
<span id="cb4-104"><a href="#cb4-104" tabindex="-1"></a><span class="co">#&gt;  [3,]  2.888233e-06 -1.005763e-06  6.000088e+00  8.078752e-07  1.238799e-07</span></span>
<span id="cb4-105"><a href="#cb4-105" tabindex="-1"></a><span class="co">#&gt;  [4,] -2.064853e-06  1.047691e-06  8.078752e-07  2.387095e+00 -1.301467e-06</span></span>
<span id="cb4-106"><a href="#cb4-106" tabindex="-1"></a><span class="co">#&gt;  [5,] -1.049341e-06  2.286465e-06  1.238799e-07 -1.301467e-06  5.885078e+00</span></span>
<span id="cb4-107"><a href="#cb4-107" tabindex="-1"></a><span class="co">#&gt;  [6,] -9.806526e-07 -1.447538e-06  7.511086e-07 -1.713175e-06  2.702262e-06</span></span>
<span id="cb4-108"><a href="#cb4-108" tabindex="-1"></a><span class="co">#&gt;  [7,]  2.533409e-06  3.458214e-07 -1.651655e-06  5.408449e-06  3.757470e-07</span></span>
<span id="cb4-109"><a href="#cb4-109" tabindex="-1"></a><span class="co">#&gt;  [8,] -2.343577e-06 -3.273171e-06  1.906430e-06  8.839251e-07 -1.303402e-06</span></span>
<span id="cb4-110"><a href="#cb4-110" tabindex="-1"></a><span class="co">#&gt;  [9,] -7.924890e-07  1.276406e-06  6.339108e-07  8.542408e-07 -7.449591e-07</span></span>
<span id="cb4-111"><a href="#cb4-111" tabindex="-1"></a><span class="co">#&gt; [10,] -5.278641e-07  4.486446e-07  5.575271e-08  2.450879e-06 -4.023114e-06</span></span>
<span id="cb4-112"><a href="#cb4-112" tabindex="-1"></a><span class="co">#&gt;                [,6]          [,7]          [,8]          [,9]         [,10]</span></span>
<span id="cb4-113"><a href="#cb4-113" tabindex="-1"></a><span class="co">#&gt;  [1,] -9.806526e-07  2.533409e-06 -2.343577e-06 -7.924890e-07 -5.278641e-07</span></span>
<span id="cb4-114"><a href="#cb4-114" tabindex="-1"></a><span class="co">#&gt;  [2,] -1.447538e-06  3.458214e-07 -3.273171e-06  1.276406e-06  4.486446e-07</span></span>
<span id="cb4-115"><a href="#cb4-115" tabindex="-1"></a><span class="co">#&gt;  [3,]  7.511086e-07 -1.651655e-06  1.906430e-06  6.339108e-07  5.575271e-08</span></span>
<span id="cb4-116"><a href="#cb4-116" tabindex="-1"></a><span class="co">#&gt;  [4,] -1.713175e-06  5.408449e-06  8.839251e-07  8.542408e-07  2.450879e-06</span></span>
<span id="cb4-117"><a href="#cb4-117" tabindex="-1"></a><span class="co">#&gt;  [5,]  2.702262e-06  3.757470e-07 -1.303402e-06 -7.449591e-07 -4.023114e-06</span></span>
<span id="cb4-118"><a href="#cb4-118" tabindex="-1"></a><span class="co">#&gt;  [6,]  6.141764e+00  2.123056e-06  3.205381e-07  6.430846e-07  3.127747e-06</span></span>
<span id="cb4-119"><a href="#cb4-119" tabindex="-1"></a><span class="co">#&gt;  [7,]  2.123056e-06  5.361665e+00  2.228484e-06  3.264178e-07 -1.301621e-06</span></span>
<span id="cb4-120"><a href="#cb4-120" tabindex="-1"></a><span class="co">#&gt;  [8,]  3.205381e-07  2.228484e-06  1.125274e+00 -1.964583e-07 -4.335951e-06</span></span>
<span id="cb4-121"><a href="#cb4-121" tabindex="-1"></a><span class="co">#&gt;  [9,]  6.430846e-07  3.264178e-07 -1.964583e-07  4.225642e+00 -8.981641e-07</span></span>
<span id="cb4-122"><a href="#cb4-122" tabindex="-1"></a><span class="co">#&gt; [10,]  3.127747e-06 -1.301621e-06 -4.335951e-06 -8.981641e-07  3.878097e+00</span></span>
<span id="cb4-123"><a href="#cb4-123" tabindex="-1"></a><span class="co">#&gt; </span></span>
<span id="cb4-124"><a href="#cb4-124" tabindex="-1"></a><span class="co">#&gt; $wiList[[5]]</span></span>
<span id="cb4-125"><a href="#cb4-125" tabindex="-1"></a><span class="co">#&gt;                [,1]          [,2]          [,3]          [,4]          [,5]</span></span>
<span id="cb4-126"><a href="#cb4-126" tabindex="-1"></a><span class="co">#&gt;  [1,]  5.638875e+00  5.647506e-07  4.632724e-06 -1.510101e-06 -5.827282e-07</span></span>
<span id="cb4-127"><a href="#cb4-127" tabindex="-1"></a><span class="co">#&gt;  [2,]  5.647506e-07  4.510159e+00 -1.930291e-06 -1.474293e-07  1.776101e-06</span></span>
<span id="cb4-128"><a href="#cb4-128" tabindex="-1"></a><span class="co">#&gt;  [3,]  4.632724e-06 -1.930291e-06  6.000087e+00  6.018373e-07 -1.077298e-08</span></span>
<span id="cb4-129"><a href="#cb4-129" tabindex="-1"></a><span class="co">#&gt;  [4,] -1.510101e-06 -1.474293e-07  6.018373e-07  3.631145e+00 -3.039673e-07</span></span>
<span id="cb4-130"><a href="#cb4-130" tabindex="-1"></a><span class="co">#&gt;  [5,] -5.827282e-07  1.776101e-06 -1.077298e-08 -3.039673e-07  5.885078e+00</span></span>
<span id="cb4-131"><a href="#cb4-131" tabindex="-1"></a><span class="co">#&gt;  [6,] -1.330388e-06 -7.098088e-07  1.365344e-06 -2.289506e-06  3.251348e-06</span></span>
<span id="cb4-132"><a href="#cb4-132" tabindex="-1"></a><span class="co">#&gt;  [7,]  2.774221e-06 -3.317494e-07 -2.088798e-06  5.338945e-06  5.777399e-07</span></span>
<span id="cb4-133"><a href="#cb4-133" tabindex="-1"></a><span class="co">#&gt;  [8,] -3.403713e-06 -4.213657e-06  2.350925e-06  1.727979e-06  6.488491e-07</span></span>
<span id="cb4-134"><a href="#cb4-134" tabindex="-1"></a><span class="co">#&gt;  [9,]  1.764435e-06  1.467916e-06 -1.685420e-06 -7.786780e-07 -1.524399e-06</span></span>
<span id="cb4-135"><a href="#cb4-135" tabindex="-1"></a><span class="co">#&gt; [10,] -1.055669e-06  1.083709e-06  2.089759e-07  2.709072e-06 -3.514893e-06</span></span>
<span id="cb4-136"><a href="#cb4-136" tabindex="-1"></a><span class="co">#&gt;                [,6]          [,7]          [,8]          [,9]         [,10]</span></span>
<span id="cb4-137"><a href="#cb4-137" tabindex="-1"></a><span class="co">#&gt;  [1,] -1.330388e-06  2.774221e-06 -3.403713e-06  1.764435e-06 -1.055669e-06</span></span>
<span id="cb4-138"><a href="#cb4-138" tabindex="-1"></a><span class="co">#&gt;  [2,] -7.098088e-07 -3.317494e-07 -4.213657e-06  1.467916e-06  1.083709e-06</span></span>
<span id="cb4-139"><a href="#cb4-139" tabindex="-1"></a><span class="co">#&gt;  [3,]  1.365344e-06 -2.088798e-06  2.350925e-06 -1.685420e-06  2.089759e-07</span></span>
<span id="cb4-140"><a href="#cb4-140" tabindex="-1"></a><span class="co">#&gt;  [4,] -2.289506e-06  5.338945e-06  1.727979e-06 -7.786780e-07  2.709072e-06</span></span>
<span id="cb4-141"><a href="#cb4-141" tabindex="-1"></a><span class="co">#&gt;  [5,]  3.251348e-06  5.777399e-07  6.488491e-07 -1.524399e-06 -3.514893e-06</span></span>
<span id="cb4-142"><a href="#cb4-142" tabindex="-1"></a><span class="co">#&gt;  [6,]  6.141763e+00  1.571739e-06  6.481039e-07  1.709882e-06  3.086390e-06</span></span>
<span id="cb4-143"><a href="#cb4-143" tabindex="-1"></a><span class="co">#&gt;  [7,]  1.571739e-06  5.361665e+00 -1.172323e-06  8.834875e-08  5.740240e-07</span></span>
<span id="cb4-144"><a href="#cb4-144" tabindex="-1"></a><span class="co">#&gt;  [8,]  6.481039e-07 -1.172323e-06  1.021667e+00  3.169989e-06 -3.106058e-06</span></span>
<span id="cb4-145"><a href="#cb4-145" tabindex="-1"></a><span class="co">#&gt;  [9,]  1.709882e-06  8.834875e-08  3.169989e-06  4.225641e+00 -1.515620e-06</span></span>
<span id="cb4-146"><a href="#cb4-146" tabindex="-1"></a><span class="co">#&gt; [10,]  3.086390e-06  5.740240e-07 -3.106058e-06 -1.515620e-06  4.525398e+00</span></span>
<span id="cb4-147"><a href="#cb4-147" tabindex="-1"></a><span class="co">#&gt; </span></span>
<span id="cb4-148"><a href="#cb4-148" tabindex="-1"></a><span class="co">#&gt; </span></span>
<span id="cb4-149"><a href="#cb4-149" tabindex="-1"></a><span class="co">#&gt; $v</span></span>
<span id="cb4-150"><a href="#cb4-150" tabindex="-1"></a><span class="co">#&gt;          [,1]     [,2]     [,3]     [,4]     [,5]</span></span>
<span id="cb4-151"><a href="#cb4-151" tabindex="-1"></a><span class="co">#&gt; [1,] 2.157579 1.422903 1.449199 1.412985 1.455025</span></span>
<span id="cb4-152"><a href="#cb4-152" tabindex="-1"></a><span class="co">#&gt; [2,] 1.422903 2.366330 1.562859 1.558769 1.582916</span></span>
<span id="cb4-153"><a href="#cb4-153" tabindex="-1"></a><span class="co">#&gt; [3,] 1.449199 1.562859 2.396120 1.570931 1.597015</span></span>
<span id="cb4-154"><a href="#cb4-154" tabindex="-1"></a><span class="co">#&gt; [4,] 1.412985 1.558769 1.570931 2.369844 1.588829</span></span>
<span id="cb4-155"><a href="#cb4-155" tabindex="-1"></a><span class="co">#&gt; [5,] 1.455025 1.582916 1.597015 1.588829 2.422208</span></span>
<span id="cb4-156"><a href="#cb4-156" tabindex="-1"></a><span class="fu">cov2cor</span>(aa<span class="sc">$</span>v)</span>
<span id="cb4-157"><a href="#cb4-157" tabindex="-1"></a><span class="co">#&gt;           [,1]      [,2]      [,3]      [,4]      [,5]</span></span>
<span id="cb4-158"><a href="#cb4-158" tabindex="-1"></a><span class="co">#&gt; [1,] 1.0000000 0.6297299 0.6373681 0.6248768 0.6364751</span></span>
<span id="cb4-159"><a href="#cb4-159" tabindex="-1"></a><span class="co">#&gt; [2,] 0.6297299 1.0000000 0.6563386 0.6582400 0.6611722</span></span>
<span id="cb4-160"><a href="#cb4-160" tabindex="-1"></a><span class="co">#&gt; [3,] 0.6373681 0.6563386 1.0000000 0.6592391 0.6629013</span></span>
<span id="cb4-161"><a href="#cb4-161" tabindex="-1"></a><span class="co">#&gt; [4,] 0.6248768 0.6582400 0.6592391 1.0000000 0.6631495</span></span>
<span id="cb4-162"><a href="#cb4-162" tabindex="-1"></a><span class="co">#&gt; [5,] 0.6364751 0.6611722 0.6629013 0.6631495 1.0000000</span></span></code></pre></div>
</div>
<div id="estiamte-general-networks" class="section level3">
<h3>estiamte general networks</h3>
<div class="sourceCode" id="cb5"><pre class="sourceCode r"><code class="sourceCode r"><span id="cb5-1"><a href="#cb5-1" tabindex="-1"></a>aa<span class="ot">=</span><span class="fu">lglasso</span>(<span class="at">data=</span>ddata,<span class="at">lambda =</span> <span class="fl">0.1</span>,<span class="at">type=</span><span class="st">&quot;general&quot;</span>)</span>
<span id="cb5-2"><a href="#cb5-2" tabindex="-1"></a>aa</span>
<span id="cb5-3"><a href="#cb5-3" tabindex="-1"></a><span class="co">#&gt; $w</span></span>
<span id="cb5-4"><a href="#cb5-4" tabindex="-1"></a><span class="co">#&gt;            [,1]      [,2]      [,3]      [,4]      [,5]      [,6]      [,7]</span></span>
<span id="cb5-5"><a href="#cb5-5" tabindex="-1"></a><span class="co">#&gt;  [1,] 0.1773403 0.0000000 0.0000000 0.0000000 0.0000000 0.0000000 0.0000000</span></span>
<span id="cb5-6"><a href="#cb5-6" tabindex="-1"></a><span class="co">#&gt;  [2,] 0.0000000 0.2217216 0.0000000 0.0000000 0.0000000 0.0000000 0.0000000</span></span>
<span id="cb5-7"><a href="#cb5-7" tabindex="-1"></a><span class="co">#&gt;  [3,] 0.0000000 0.0000000 0.1666642 0.0000000 0.0000000 0.0000000 0.0000000</span></span>
<span id="cb5-8"><a href="#cb5-8" tabindex="-1"></a><span class="co">#&gt;  [4,] 0.0000000 0.0000000 0.0000000 0.2753948 0.0000000 0.0000000 0.0000000</span></span>
<span id="cb5-9"><a href="#cb5-9" tabindex="-1"></a><span class="co">#&gt;  [5,] 0.0000000 0.0000000 0.0000000 0.0000000 0.1699212 0.0000000 0.0000000</span></span>
