<!DOCTYPE html>

<html>

<head>

<meta charset="utf-8" />
<meta name="generator" content="pandoc" />
<meta http-equiv="X-UA-Compatible" content="IE=EDGE" />

<meta name="viewport" content="width=device-width, initial-scale=1" />



<title>lglasso: identify networks from correlated data</title>

<script>// Pandoc 2.9 adds attributes on both header and div. We remove the former (to
// be compatible with the behavior of Pandoc < 2.8).
document.addEventListener('DOMContentLoaded', function(e) {
  var hs = document.querySelectorAll("div.section[class*='level'] > :first-child");
  var i, h, a;
  for (i = 0; i < hs.length; i++) {
    h = hs[i];
    if (!/^h[1-6]$/i.test(h.tagName)) continue;  // it should be a header h1-h6
    a = h.attributes;
    while (a.length > 0) h.removeAttribute(a[0].name);
  }
});
</script>

<style type="text/css">
code{white-space: pre-wrap;}
span.smallcaps{font-variant: small-caps;}
span.underline{text-decoration: underline;}
div.column{display: inline-block; vertical-align: top; width: 50%;}
div.hanging-indent{margin-left: 1.5em; text-indent: -1.5em;}
ul.task-list{list-style: none;}
</style>



<style type="text/css">
code {
white-space: pre;
}
.sourceCode {
overflow: visible;
}
</style>
<style type="text/css" data-origin="pandoc">
pre > code.sourceCode { white-space: pre; position: relative; }
pre > code.sourceCode > span { line-height: 1.25; }
pre > code.sourceCode > span:empty { height: 1.2em; }
.sourceCode { overflow: visible; }
code.sourceCode > span { color: inherit; text-decoration: inherit; }
div.sourceCode { margin: 1em 0; }
pre.sourceCode { margin: 0; }
@media screen {
div.sourceCode { overflow: auto; }
}
@media print {
pre > code.sourceCode { white-space: pre-wrap; }
pre > code.sourceCode > span { display: inline-block; text-indent: -5em; padding-left: 5em; }
}
pre.numberSource code
{ counter-reset: source-line 0; }
pre.numberSource code > span
{ position: relative; left: -4em; counter-increment: source-line; }
pre.numberSource code > span > a:first-child::before
{ content: counter(source-line);
position: relative; left: -1em; text-align: right; vertical-align: baseline;
border: none; display: inline-block;
-webkit-touch-callout: none; -webkit-user-select: none;
-khtml-user-select: none; -moz-user-select: none;
-ms-user-select: none; user-select: none;
padding: 0 4px; width: 4em;
color: #aaaaaa;
}
pre.numberSource { margin-left: 3em; border-left: 1px solid #aaaaaa; padding-left: 4px; }
div.sourceCode
{ }
@media screen {
pre > code.sourceCode > span > a:first-child::before { text-decoration: underline; }
}
code span.al { color: #ff0000; font-weight: bold; } 
code span.an { color: #60a0b0; font-weight: bold; font-style: italic; } 
code span.at { color: #7d9029; } 
code span.bn { color: #40a070; } 
code span.bu { color: #008000; } 
code span.cf { color: #007020; font-weight: bold; } 
code span.ch { color: #4070a0; } 
code span.cn { color: #880000; } 
code span.co { color: #60a0b0; font-style: italic; } 
code span.cv { color: #60a0b0; font-weight: bold; font-style: italic; } 
code span.do { color: #ba2121; font-style: italic; } 
code span.dt { color: #902000; } 
code span.dv { color: #40a070; } 
code span.er { color: #ff0000; font-weight: bold; } 
code span.ex { } 
code span.fl { color: #40a070; } 
code span.fu { color: #06287e; } 
code span.im { color: #008000; font-weight: bold; } 
code span.in { color: #60a0b0; font-weight: bold; font-style: italic; } 
code span.kw { color: #007020; font-weight: bold; } 
code span.op { color: #666666; } 
code span.ot { color: #007020; } 
code span.pp { color: #bc7a00; } 
code span.sc { color: #4070a0; } 
code span.ss { color: #bb6688; } 
code span.st { color: #4070a0; } 
code span.va { color: #19177c; } 
code span.vs { color: #4070a0; } 
code span.wa { color: #60a0b0; font-weight: bold; font-style: italic; } 
</style>
<script>
// apply pandoc div.sourceCode style to pre.sourceCode instead
(function() {
  var sheets = document.styleSheets;
  for (var i = 0; i < sheets.length; i++) {
    if (sheets[i].ownerNode.dataset["origin"] !== "pandoc") continue;
    try { var rules = sheets[i].cssRules; } catch (e) { continue; }
    var j = 0;
    while (j < rules.length) {
      var rule = rules[j];
      // check if there is a div.sourceCode rule
      if (rule.type !== rule.STYLE_RULE || rule.selectorText !== "div.sourceCode") {
        j++;
        continue;
      }
      var style = rule.style.cssText;
      // check if color or background-color is set
      if (rule.style.color === '' && rule.style.backgroundColor === '') {
        j++;
        continue;
      }
      // replace div.sourceCode by a pre.sourceCode rule
      sheets[i].deleteRule(j);
      sheets[i].insertRule('pre.sourceCode{' + style + '}', j);
    }
  }
})();
</script>




<style type="text/css">body {
background-color: #fff;
margin: 1em auto;
max-width: 700px;
overflow: visible;
padding-left: 2em;
padding-right: 2em;
font-family: "Open Sans", "Helvetica Neue", Helvetica, Arial, sans-serif;
font-size: 14px;
line-height: 1.35;
}
#TOC {
clear: both;
margin: 0 0 10px 10px;
padding: 4px;
width: 400px;
border: 1px solid #CCCCCC;
border-radius: 5px;
background-color: #f6f6f6;
font-size: 13px;
line-height: 1.3;
}
#TOC .toctitle {
font-weight: bold;
font-size: 15px;
margin-left: 5px;
}
#TOC ul {
padding-left: 40px;
margin-left: -1.5em;
margin-top: 5px;
margin-bottom: 5px;
}
#TOC ul ul {
margin-left: -2em;
}
#TOC li {
line-height: 16px;
}
table {
margin: 1em auto;
border-width: 1px;
border-color: #DDDDDD;
border-style: outset;
border-collapse: collapse;
}
table th {
border-width: 2px;
padding: 5px;
border-style: inset;
}
table td {
border-width: 1px;
border-style: inset;
line-height: 18px;
padding: 5px 5px;
}
table, table th, table td {
border-left-style: none;
border-right-style: none;
}
table thead, table tr.even {
background-color: #f7f7f7;
}
p {
margin: 0.5em 0;
}
blockquote {
background-color: #f6f6f6;
padding: 0.25em 0.75em;
}
hr {
border-style: solid;
border: none;
border-top: 1px solid #777;
margin: 28px 0;
}
dl {
margin-left: 0;
}
dl dd {
margin-bottom: 13px;
margin-left: 13px;
}
dl dt {
font-weight: bold;
}
ul {
margin-top: 0;
}
ul li {
list-style: circle outside;
}
ul ul {
margin-bottom: 0;
}
pre, code {
background-color: #f7f7f7;
border-radius: 3px;
color: #333;
white-space: pre-wrap; 
}
pre {
border-radius: 3px;
margin: 5px 0px 10px 0px;
padding: 10px;
}
pre:not([class]) {
background-color: #f7f7f7;
}
code {
font-family: Consolas, Monaco, 'Courier New', monospace;
font-size: 85%;
}
p > code, li > code {
padding: 2px 0px;
}
div.figure {
text-align: center;
}
img {
background-color: #FFFFFF;
padding: 2px;
border: 1px solid #DDDDDD;
border-radius: 3px;
border: 1px solid #CCCCCC;
margin: 0 5px;
}
h1 {
margin-top: 0;
font-size: 35px;
line-height: 40px;
}
h2 {
border-bottom: 4px solid #f7f7f7;
padding-top: 10px;
padding-bottom: 2px;
font-size: 145%;
}
h3 {
border-bottom: 2px solid #f7f7f7;
padding-top: 10px;
font-size: 120%;
}
h4 {
border-bottom: 1px solid #f7f7f7;
margin-left: 8px;
font-size: 105%;
}
h5, h6 {
border-bottom: 1px solid #ccc;
font-size: 105%;
}
a {
color: #0033dd;
text-decoration: none;
}
a:hover {
color: #6666ff; }
a:visited {
color: #800080; }
a:visited:hover {
color: #BB00BB; }
a[href^="http:"] {
text-decoration: underline; }
a[href^="https:"] {
text-decoration: underline; }

code > span.kw { color: #555; font-weight: bold; } 
code > span.dt { color: #902000; } 
code > span.dv { color: #40a070; } 
code > span.bn { color: #d14; } 
code > span.fl { color: #d14; } 
code > span.ch { color: #d14; } 
code > span.st { color: #d14; } 
code > span.co { color: #888888; font-style: italic; } 
code > span.ot { color: #007020; } 
code > span.al { color: #ff0000; font-weight: bold; } 
code > span.fu { color: #900; font-weight: bold; } 
code > span.er { color: #a61717; background-color: #e3d2d2; } 
</style>




</head>

<body>




<h1 class="title toc-ignore">lglasso: identify networks from correlated
data</h1>



<div class="sourceCode" id="cb1"><pre class="sourceCode r"><code class="sourceCode r"><span id="cb1-1"><a href="#cb1-1" tabindex="-1"></a><span class="fu">library</span>(lglasso)</span></code></pre></div>
<div class="sourceCode" id="cb2"><pre class="sourceCode r"><code class="sourceCode r"><span id="cb2-1"><a href="#cb2-1" tabindex="-1"></a><span class="co"># number of nodes</span></span>
<span id="cb2-2"><a href="#cb2-2" tabindex="-1"></a>p<span class="ot">=</span><span class="dv">10</span></span>
<span id="cb2-3"><a href="#cb2-3" tabindex="-1"></a><span class="co"># number of edge in general network</span></span>
<span id="cb2-4"><a href="#cb2-4" tabindex="-1"></a>m1<span class="ot">=</span><span class="dv">10</span></span>
<span id="cb2-5"><a href="#cb2-5" tabindex="-1"></a><span class="co"># the difference between the number of edges in individual networks and general network</span></span>
<span id="cb2-6"><a href="#cb2-6" tabindex="-1"></a>m2<span class="ot">=</span><span class="dv">0</span></span>
<span id="cb2-7"><a href="#cb2-7" tabindex="-1"></a><span class="co">#  number of clusters</span></span>
<span id="cb2-8"><a href="#cb2-8" tabindex="-1"></a>m3<span class="ot">=</span><span class="dv">5</span></span>
<span id="cb2-9"><a href="#cb2-9" tabindex="-1"></a><span class="co"># number of subjects</span></span>
<span id="cb2-10"><a href="#cb2-10" tabindex="-1"></a>n<span class="ot">=</span><span class="dv">20</span></span>
<span id="cb2-11"><a href="#cb2-11" tabindex="-1"></a><span class="co"># correlation between cluster</span></span>
<span id="cb2-12"><a href="#cb2-12" tabindex="-1"></a>rho<span class="ot">=</span><span class="fl">0.8</span></span></code></pre></div>
<div id="model-1-clustered-data-with-no-correlation-structure" class="section level2">
<h2>Model 1: clustered data with no correlation structure</h2>
<div class="sourceCode" id="cb3"><pre class="sourceCode r"><code class="sourceCode r"><span id="cb3-1"><a href="#cb3-1" tabindex="-1"></a><span class="fu">set.seed</span>(<span class="dv">5</span>)</span>
<span id="cb3-2"><a href="#cb3-2" tabindex="-1"></a>cc<span class="ot">=</span><span class="fu">matrix</span>(rho,<span class="at">ncol =</span> m3,<span class="at">nrow =</span> m3)</span>
<span id="cb3-3"><a href="#cb3-3" tabindex="-1"></a><span class="fu">diag</span>(cc)<span class="ot">=</span><span class="dv">1</span></span>
<span id="cb3-4"><a href="#cb3-4" tabindex="-1"></a>dd<span class="ot">=</span><span class="fu">Simulate</span>(<span class="at">type=</span><span class="st">&quot;general&quot;</span>,<span class="at">n=</span>n,<span class="at">p=</span>p,<span class="at">m1=</span>m1,<span class="at">m2=</span>m2,<span class="at">m3=</span>m3,<span class="at">cc=</span>cc)</span>
<span id="cb3-5"><a href="#cb3-5" tabindex="-1"></a>ddata<span class="ot">=</span>dd<span class="sc">$</span>data</span></code></pre></div>
<div id="estimate-individual-networks" class="section level3">
<h3>estimate individual networks</h3>
<div class="sourceCode" id="cb4"><pre class="sourceCode r"><code class="sourceCode r"><span id="cb4-1"><a href="#cb4-1" tabindex="-1"></a>aa<span class="ot">=</span><span class="fu">lglasso</span>(<span class="at">data=</span>ddata,<span class="at">lambda =</span> <span class="fu">c</span>(<span class="dv">1</span>,<span class="dv">1</span>),<span class="at">type=</span><span class="st">&quot;general&quot;</span>,<span class="at">group =</span> ddata[,<span class="dv">2</span>])</span>
<span id="cb4-2"><a href="#cb4-2" tabindex="-1"></a>aa</span>
<span id="cb4-3"><a href="#cb4-3" tabindex="-1"></a><span class="co">#&gt; $wi</span></span>
<span id="cb4-4"><a href="#cb4-4" tabindex="-1"></a><span class="co">#&gt;            [,1]      [,2]      [,3]     [,4]      [,5]     [,6]      [,7]</span></span>
<span id="cb4-5"><a href="#cb4-5" tabindex="-1"></a><span class="co">#&gt;  [1,] 0.2696776 0.0000000 0.0000000 0.000000 0.0000000 0.000000 0.0000000</span></span>
<span id="cb4-6"><a href="#cb4-6" tabindex="-1"></a><span class="co">#&gt;  [2,] 0.0000000 0.2633145 0.0000000 0.000000 0.0000000 0.000000 0.0000000</span></span>
<span id="cb4-7"><a href="#cb4-7" tabindex="-1"></a><span class="co">#&gt;  [3,] 0.0000000 0.0000000 0.2492435 0.000000 0.0000000 0.000000 0.0000000</span></span>
<span id="cb4-8"><a href="#cb4-8" tabindex="-1"></a><span class="co">#&gt;  [4,] 0.0000000 0.0000000 0.0000000 0.237963 0.0000000 0.000000 0.0000000</span></span>
<span id="cb4-9"><a href="#cb4-9" tabindex="-1"></a><span class="co">#&gt;  [5,] 0.0000000 0.0000000 0.0000000 0.000000 0.2638333 0.000000 0.0000000</span></span>
<span id="cb4-10"><a href="#cb4-10" tabindex="-1"></a><span class="co">#&gt;  [6,] 0.0000000 0.0000000 0.0000000 0.000000 0.0000000 0.367337 0.0000000</span></span>
<span id="cb4-11"><a href="#cb4-11" tabindex="-1"></a><span class="co">#&gt;  [7,] 0.0000000 0.0000000 0.0000000 0.000000 0.0000000 0.000000 0.2828218</span></span>
<span id="cb4-12"><a href="#cb4-12" tabindex="-1"></a><span class="co">#&gt;  [8,] 0.0000000 0.0000000 0.0000000 0.000000 0.0000000 0.000000 0.0000000</span></span>
<span id="cb4-13"><a href="#cb4-13" tabindex="-1"></a><span class="co">#&gt;  [9,] 0.0000000 0.0000000 0.0000000 0.000000 0.0000000 0.000000 0.0000000</span></span>
<span id="cb4-14"><a href="#cb4-14" tabindex="-1"></a><span class="co">#&gt; [10,] 0.0000000 0.0000000 0.0000000 0.000000 0.0000000 0.000000 0.0000000</span></span>
<span id="cb4-15"><a href="#cb4-15" tabindex="-1"></a><span class="co">#&gt;            [,8]      [,9]     [,10]</span></span>
<span id="cb4-16"><a href="#cb4-16" tabindex="-1"></a><span class="co">#&gt;  [1,] 0.0000000 0.0000000 0.0000000</span></span>
<span id="cb4-17"><a href="#cb4-17" tabindex="-1"></a><span class="co">#&gt;  [2,] 0.0000000 0.0000000 0.0000000</span></span>
<span id="cb4-18"><a href="#cb4-18" tabindex="-1"></a><span class="co">#&gt;  [3,] 0.0000000 0.0000000 0.0000000</span></span>
<span id="cb4-19"><a href="#cb4-19" tabindex="-1"></a><span class="co">#&gt;  [4,] 0.0000000 0.0000000 0.0000000</span></span>
<span id="cb4-20"><a href="#cb4-20" tabindex="-1"></a><span class="co">#&gt;  [5,] 0.0000000 0.0000000 0.0000000</span></span>
<span id="cb4-21"><a href="#cb4-21" tabindex="-1"></a><span class="co">#&gt;  [6,] 0.0000000 0.0000000 0.0000000</span></span>
<span id="cb4-22"><a href="#cb4-22" tabindex="-1"></a><span class="co">#&gt;  [7,] 0.0000000 0.0000000 0.0000000</span></span>
<span id="cb4-23"><a href="#cb4-23" tabindex="-1"></a><span class="co">#&gt;  [8,] 0.2185874 0.0000000 0.0000000</span></span>
<span id="cb4-24"><a href="#cb4-24" tabindex="-1"></a><span class="co">#&gt;  [9,] 0.0000000 0.2130662 0.0000000</span></span>
<span id="cb4-25"><a href="#cb4-25" tabindex="-1"></a><span class="co">#&gt; [10,] 0.0000000 0.0000000 0.2282043</span></span>
<span id="cb4-26"><a href="#cb4-26" tabindex="-1"></a><span class="co">#&gt; </span></span>
<span id="cb4-27"><a href="#cb4-27" tabindex="-1"></a><span class="co">#&gt; $wiList</span></span>
<span id="cb4-28"><a href="#cb4-28" tabindex="-1"></a><span class="co">#&gt; $wiList[[1]]</span></span>
<span id="cb4-29"><a href="#cb4-29" tabindex="-1"></a><span class="co">#&gt;                [,1]          [,2]          [,3]          [,4]          [,5]</span></span>
<span id="cb4-30"><a href="#cb4-30" tabindex="-1"></a><span class="co">#&gt;  [1,]  2.696787e-01  5.814834e-08 -9.911995e-08  1.132682e-07  6.385763e-08</span></span>
<span id="cb4-31"><a href="#cb4-31" tabindex="-1"></a><span class="co">#&gt;  [2,]  5.814834e-08  2.633159e-01 -1.007427e-08  5.413072e-03  1.192046e-08</span></span>
<span id="cb4-32"><a href="#cb4-32" tabindex="-1"></a><span class="co">#&gt;  [3,] -9.911995e-08 -1.007427e-08  3.714961e-01  1.244733e-07 -1.335401e-08</span></span>
<span id="cb4-33"><a href="#cb4-33" tabindex="-1"></a><span class="co">#&gt;  [4,]  1.132682e-07  5.413072e-03  1.244733e-07  2.278336e-01  3.413171e-08</span></span>
<span id="cb4-34"><a href="#cb4-34" tabindex="-1"></a><span class="co">#&gt;  [5,]  6.385763e-08  1.192046e-08 -1.335401e-08  3.413171e-08  2.796255e-01</span></span>
<span id="cb4-35"><a href="#cb4-35" tabindex="-1"></a><span class="co">#&gt;  [6,]  4.393399e-08 -1.368054e-08  5.597609e-08 -4.606072e-08  2.605393e-08</span></span>
<span id="cb4-36"><a href="#cb4-36" tabindex="-1"></a><span class="co">#&gt;  [7,]  8.657831e-08 -9.338134e-08  3.288394e-08 -4.837242e-08  2.840761e-08</span></span>
<span id="cb4-37"><a href="#cb4-37" tabindex="-1"></a><span class="co">#&gt;  [8,] -3.677888e-09  1.040963e-07  8.350734e-08 -2.318051e-07 -1.369476e-07</span></span>
<span id="cb4-38"><a href="#cb4-38" tabindex="-1"></a><span class="co">#&gt;  [9,] -1.696828e-08  1.696675e-10 -2.554545e-08  5.184121e-08 -6.096297e-08</span></span>
<span id="cb4-39"><a href="#cb4-39" tabindex="-1"></a><span class="co">#&gt; [10,] -8.666030e-08 -1.846740e-07  7.597481e-08  1.672057e-07  3.803887e-08</span></span>
<span id="cb4-40"><a href="#cb4-40" tabindex="-1"></a><span class="co">#&gt;                [,6]          [,7]          [,8]          [,9]         [,10]</span></span>
<span id="cb4-41"><a href="#cb4-41" tabindex="-1"></a><span class="co">#&gt;  [1,]  4.393399e-08  8.657831e-08 -3.677888e-09 -1.696828e-08 -8.666030e-08</span></span>
<span id="cb4-42"><a href="#cb4-42" tabindex="-1"></a><span class="co">#&gt;  [2,] -1.368054e-08 -9.338134e-08  1.040963e-07  1.696675e-10 -1.846740e-07</span></span>
<span id="cb4-43"><a href="#cb4-43" tabindex="-1"></a><span class="co">#&gt;  [3,]  5.597609e-08  3.288394e-08  8.350734e-08 -2.554545e-08  7.597481e-08</span></span>
<span id="cb4-44"><a href="#cb4-44" tabindex="-1"></a><span class="co">#&gt;  [4,] -4.606072e-08 -4.837242e-08 -2.318051e-07  5.184121e-08  1.672057e-07</span></span>
<span id="cb4-45"><a href="#cb4-45" tabindex="-1"></a><span class="co">#&gt;  [5,]  2.605393e-08  2.840761e-08 -1.369476e-07 -6.096297e-08  3.803887e-08</span></span>
<span id="cb4-46"><a href="#cb4-46" tabindex="-1"></a><span class="co">#&gt;  [6,]  3.673372e-01 -1.314271e-07  1.873440e-09  8.965921e-08 -6.574668e-08</span></span>
<span id="cb4-47"><a href="#cb4-47" tabindex="-1"></a><span class="co">#&gt;  [7,] -1.314271e-07  2.828224e-01  7.217223e-08  6.424347e-08  1.126565e-07</span></span>
<span id="cb4-48"><a href="#cb4-48" tabindex="-1"></a><span class="co">#&gt;  [8,]  1.873440e-09  7.217223e-08  2.185979e-01  1.766126e-02 -1.786565e-07</span></span>
<span id="cb4-49"><a href="#cb4-49" tabindex="-1"></a><span class="co">#&gt;  [9,]  8.965921e-08  6.424347e-08  1.766126e-02  2.167392e-01  1.629076e-07</span></span>
<span id="cb4-50"><a href="#cb4-50" tabindex="-1"></a><span class="co">#&gt; [10,] -6.574668e-08  1.126565e-07 -1.786565e-07  1.629076e-07  2.282101e-01</span></span>
<span id="cb4-51"><a href="#cb4-51" tabindex="-1"></a><span class="co">#&gt; </span></span>
<span id="cb4-52"><a href="#cb4-52" tabindex="-1"></a><span class="co">#&gt; $wiList[[2]]</span></span>
<span id="cb4-53"><a href="#cb4-53" tabindex="-1"></a><span class="co">#&gt;                [,1]          [,2]          [,3]          [,4]          [,5]</span></span>
<span id="cb4-54"><a href="#cb4-54" tabindex="-1"></a><span class="co">#&gt;  [1,]  3.759623e-01 -2.537726e-08 -2.661258e-08  2.889697e-09  3.728702e-09</span></span>
<span id="cb4-55"><a href="#cb4-55" tabindex="-1"></a><span class="co">#&gt;  [2,] -2.537726e-08  3.374036e-01  4.909934e-07  2.364005e-09  5.804425e-08</span></span>
<span id="cb4-56"><a href="#cb4-56" tabindex="-1"></a><span class="co">#&gt;  [3,] -2.661258e-08  4.909934e-07  2.492466e-01  7.154959e-08  6.291171e-08</span></span>
<span id="cb4-57"><a href="#cb4-57" tabindex="-1"></a><span class="co">#&gt;  [4,]  2.889697e-09  2.364005e-09  7.154959e-08  2.510418e-01  3.288830e-08</span></span>
<span id="cb4-58"><a href="#cb4-58" tabindex="-1"></a><span class="co">#&gt;  [5,]  3.728702e-09  5.804425e-08  6.291171e-08  3.288830e-08  2.803736e-01</span></span>
<span id="cb4-59"><a href="#cb4-59" tabindex="-1"></a><span class="co">#&gt;  [6,]  8.316310e-09 -8.723777e-08 -1.346331e-07  6.622533e-08  4.973063e-08</span></span>
<span id="cb4-60"><a href="#cb4-60" tabindex="-1"></a><span class="co">#&gt;  [7,]  6.970939e-09 -3.436366e-08  5.302536e-09  4.111382e-08 -1.282118e-07</span></span>
<span id="cb4-61"><a href="#cb4-61" tabindex="-1"></a><span class="co">#&gt;  [8,]  7.822571e-09  2.759538e-03  1.542708e-02 -7.463076e-08 -1.911588e-08</span></span>
<span id="cb4-62"><a href="#cb4-62" tabindex="-1"></a><span class="co">#&gt;  [9,] -2.539120e-08  3.317042e-08 -1.708639e-08 -1.476965e-07 -3.163025e-08</span></span>
<span id="cb4-63"><a href="#cb4-63" tabindex="-1"></a><span class="co">#&gt; [10,] -2.878727e-08 -1.215817e-08 -1.707965e-07 -9.915034e-08 -8.183084e-09</span></span>
<span id="cb4-64"><a href="#cb4-64" tabindex="-1"></a><span class="co">#&gt;                [,6]          [,7]          [,8]          [,9]         [,10]</span></span>
<span id="cb4-65"><a href="#cb4-65" tabindex="-1"></a><span class="co">#&gt;  [1,]  8.316310e-09  6.970939e-09  7.822571e-09 -2.539120e-08 -2.878727e-08</span></span>
<span id="cb4-66"><a href="#cb4-66" tabindex="-1"></a><span class="co">#&gt;  [2,] -8.723777e-08 -3.436366e-08  2.759538e-03  3.317042e-08 -1.215817e-08</span></span>
<span id="cb4-67"><a href="#cb4-67" tabindex="-1"></a><span class="co">#&gt;  [3,] -1.346331e-07  5.302536e-09  1.542708e-02 -1.708639e-08 -1.707965e-07</span></span>
<span id="cb4-68"><a href="#cb4-68" tabindex="-1"></a><span class="co">#&gt;  [4,]  6.622533e-08  4.111382e-08 -7.463076e-08 -1.476965e-07 -9.915034e-08</span></span>
<span id="cb4-69"><a href="#cb4-69" tabindex="-1"></a><span class="co">#&gt;  [5,]  4.973063e-08 -1.282118e-07 -1.911588e-08 -3.163025e-08 -8.183084e-09</span></span>
<span id="cb4-70"><a href="#cb4-70" tabindex="-1"></a><span class="co">#&gt;  [6,]  3.673372e-01  4.691083e-09  2.580092e-08  9.000139e-08  2.690007e-08</span></span>
<span id="cb4-71"><a href="#cb4-71" tabindex="-1"></a><span class="co">#&gt;  [7,]  4.691083e-09  2.958916e-01  5.170681e-08 -6.549867e-08 -1.884275e-08</span></span>
<span id="cb4-72"><a href="#cb4-72" tabindex="-1"></a><span class="co">#&gt;  [8,]  2.580092e-08  5.170681e-08  2.387195e-01  1.379292e-08 -1.009500e-08</span></span>
<span id="cb4-73"><a href="#cb4-73" tabindex="-1"></a><span class="co">#&gt;  [9,]  9.000139e-08 -6.549867e-08  1.379292e-08  2.130785e-01 -1.303393e-07</span></span>
<span id="cb4-74"><a href="#cb4-74" tabindex="-1"></a><span class="co">#&gt; [10,]  2.690007e-08 -1.884275e-08 -1.009500e-08 -1.303393e-07  2.282102e-01</span></span>
<span id="cb4-75"><a href="#cb4-75" tabindex="-1"></a><span class="co">#&gt; </span></span>
<span id="cb4-76"><a href="#cb4-76" tabindex="-1"></a><span class="co">#&gt; $wiList[[3]]</span></span>
<span id="cb4-77"><a href="#cb4-77" tabindex="-1"></a><span class="co">#&gt;                [,1]          [,2]          [,3]          [,4]          [,5]</span></span>
<span id="cb4-78"><a href="#cb4-78" tabindex="-1"></a><span class="co">#&gt;  [1,]  2.696806e-01 -1.169882e-02 -7.583653e-07 -2.399032e-08 -1.291837e-03</span></span>
<span id="cb4-79"><a href="#cb4-79" tabindex="-1"></a><span class="co">#&gt;  [2,] -1.169882e-02  2.633172e-01  5.930554e-03  7.807047e-08  4.959992e-07</span></span>
<span id="cb4-80"><a href="#cb4-80" tabindex="-1"></a><span class="co">#&gt;  [3,] -7.583653e-07  5.930554e-03  2.492462e-01  2.085408e-08 -3.484352e-08</span></span>
<span id="cb4-81"><a href="#cb4-81" tabindex="-1"></a><span class="co">#&gt;  [4,] -2.399032e-08  7.807047e-08  2.085408e-08  2.483723e-01  1.457431e-07</span></span>
<span id="cb4-82"><a href="#cb4-82" tabindex="-1"></a><span class="co">#&gt;  [5,] -1.291837e-03  4.959992e-07 -3.484352e-08  1.457431e-07  2.638345e-01</span></span>
<span id="cb4-83"><a href="#cb4-83" tabindex="-1"></a><span class="co">#&gt;  [6,] -6.190570e-08  3.170050e-08 -2.636978e-08  1.065700e-07 -9.385183e-08</span></span>
<span id="cb4-84"><a href="#cb4-84" tabindex="-1"></a><span class="co">#&gt;  [7,] -2.078868e-02  9.824134e-07 -1.213016e-07 -1.305662e-07  6.189011e-07</span></span>
<span id="cb4-85"><a href="#cb4-85" tabindex="-1"></a><span class="co">#&gt;  [8,]  3.325388e-08  1.213406e-08  5.393514e-10  1.299502e-08 -8.709633e-08</span></span>
<span id="cb4-86"><a href="#cb4-86" tabindex="-1"></a><span class="co">#&gt;  [9,] -1.798464e-07 -1.333099e-07 -4.012430e-08 -1.525390e-07  8.320753e-08</span></span>
<span id="cb4-87"><a href="#cb4-87" tabindex="-1"></a><span class="co">#&gt; [10,] -9.805704e-08 -5.401554e-08 -1.205549e-07 -9.938704e-08 -5.796831e-08</span></span>
<span id="cb4-88"><a href="#cb4-88" tabindex="-1"></a><span class="co">#&gt;                [,6]          [,7]          [,8]          [,9]         [,10]</span></span>
<span id="cb4-89"><a href="#cb4-89" tabindex="-1"></a><span class="co">#&gt;  [1,] -6.190570e-08 -2.078868e-02  3.325388e-08 -1.798464e-07 -9.805704e-08</span></span>
<span id="cb4-90"><a href="#cb4-90" tabindex="-1"></a><span class="co">#&gt;  [2,]  3.170050e-08  9.824134e-07  1.213406e-08 -1.333099e-07 -5.401554e-08</span></span>
<span id="cb4-91"><a href="#cb4-91" tabindex="-1"></a><span class="co">#&gt;  [3,] -2.636978e-08 -1.213016e-07  5.393514e-10 -4.012430e-08 -1.205549e-07</span></span>
<span id="cb4-92"><a href="#cb4-92" tabindex="-1"></a><span class="co">#&gt;  [4,]  1.065700e-07 -1.305662e-07  1.299502e-08 -1.525390e-07 -9.938704e-08</span></span>
<span id="cb4-93"><a href="#cb4-93" tabindex="-1"></a><span class="co">#&gt;  [5,] -9.385183e-08  6.189011e-07 -8.709633e-08  8.320753e-08 -5.796831e-08</span></span>
<span id="cb4-94"><a href="#cb4-94" tabindex="-1"></a><span class="co">#&gt;  [6,]  3.673383e-01 -3.708910e-08  2.724672e-08 -1.303467e-06  2.545570e-02</span></span>
<span id="cb4-95"><a href="#cb4-95" tabindex="-1"></a><span class="co">#&gt;  [7,] -3.708910e-08  2.828240e-01 -1.039747e-07  4.775558e-08  5.822487e-08</span></span>
<span id="cb4-96"><a href="#cb4-96" tabindex="-1"></a><span class="co">#&gt;  [8,]  2.724672e-08 -1.039747e-07  2.236428e-01  2.092422e-07 -2.191538e-08</span></span>
<span id="cb4-97"><a href="#cb4-97" tabindex="-1"></a><span class="co">#&gt;  [9,] -1.303467e-06  4.775558e-08  2.092422e-07  2.130816e-01 -2.145975e-02</span></span>
<span id="cb4-98"><a href="#cb4-98" tabindex="-1"></a><span class="co">#&gt; [10,]  2.545570e-02  5.822487e-08 -2.191538e-08 -2.145975e-02  2.199782e-01</span></span>
<span id="cb4-99"><a href="#cb4-99" tabindex="-1"></a><span class="co">#&gt; </span></span>
<span id="cb4-100"><a href="#cb4-100" tabindex="-1"></a><span class="co">#&gt; $wiList[[4]]</span></span>
<span id="cb4-101"><a href="#cb4-101" tabindex="-1"></a><span class="co">#&gt;                [,1]          [,2]          [,3]          [,4]          [,5]</span></span>
<span id="cb4-102"><a href="#cb4-102" tabindex="-1"></a><span class="co">#&gt;  [1,]  2.774129e-01 -3.838766e-08 -7.187297e-08  2.884811e-09 -1.437240e-07</span></span>
<span id="cb4-103"><a href="#cb4-103" tabindex="-1"></a><span class="co">#&gt;  [2,] -3.838766e-08  2.633156e-01 -2.666483e-08 -2.682690e-08 -5.109071e-08</span></span>
<span id="cb4-104"><a href="#cb4-104" tabindex="-1"></a><span class="co">#&gt;  [3,] -7.187297e-08 -2.666483e-08  2.492453e-01 -2.916674e-08 -8.480690e-08</span></span>
<span id="cb4-105"><a href="#cb4-105" tabindex="-1"></a><span class="co">#&gt;  [4,]  2.884811e-09 -2.682690e-08 -2.916674e-08  2.379668e-01  9.388419e-08</span></span>
<span id="cb4-106"><a href="#cb4-106" tabindex="-1"></a><span class="co">#&gt;  [5,] -1.437240e-07 -5.109071e-08 -8.480690e-08  9.388419e-08  2.638346e-01</span></span>
<span id="cb4-107"><a href="#cb4-107" tabindex="-1"></a><span class="co">#&gt;  [6,]  8.469713e-08  3.805220e-08  5.217882e-08 -3.637329e-08  5.457598e-08</span></span>
<span id="cb4-108"><a href="#cb4-108" tabindex="-1"></a><span class="co">#&gt;  [7,]  4.482291e-08 -7.830642e-08  5.875519e-08 -8.131348e-08 -1.212441e-07</span></span>
<span id="cb4-109"><a href="#cb4-109" tabindex="-1"></a><span class="co">#&gt;  [8,] -2.118429e-08  5.836319e-08  3.178989e-09 -3.024780e-08 -1.289090e-07</span></span>
<span id="cb4-110"><a href="#cb4-110" tabindex="-1"></a><span class="co">#&gt;  [9,] -3.715801e-08  1.374439e-07  7.221894e-08 -2.037407e-07  4.423800e-03</span></span>
<span id="cb4-111"><a href="#cb4-111" tabindex="-1"></a><span class="co">#&gt; [10,]  2.869198e-08  7.252399e-08  1.765739e-07 -4.224607e-08  1.750984e-07</span></span>
<span id="cb4-112"><a href="#cb4-112" tabindex="-1"></a><span class="co">#&gt;                [,6]          [,7]          [,8]          [,9]         [,10]</span></span>
<span id="cb4-113"><a href="#cb4-113" tabindex="-1"></a><span class="co">#&gt;  [1,]  8.469713e-08  4.482291e-08 -2.118429e-08 -3.715801e-08  2.869198e-08</span></span>
<span id="cb4-114"><a href="#cb4-114" tabindex="-1"></a><span class="co">#&gt;  [2,]  3.805220e-08 -7.830642e-08  5.836319e-08  1.374439e-07  7.252399e-08</span></span>
<span id="cb4-115"><a href="#cb4-115" tabindex="-1"></a><span class="co">#&gt;  [3,]  5.217882e-08  5.875519e-08  3.178989e-09  7.221894e-08  1.765739e-07</span></span>
<span id="cb4-116"><a href="#cb4-116" tabindex="-1"></a><span class="co">#&gt;  [4,] -3.637329e-08 -8.131348e-08 -3.024780e-08 -2.037407e-07 -4.224607e-08</span></span>
<span id="cb4-117"><a href="#cb4-117" tabindex="-1"></a><span class="co">#&gt;  [5,]  5.457598e-08 -1.212441e-07 -1.289090e-07  4.423800e-03  1.750984e-07</span></span>
<span id="cb4-118"><a href="#cb4-118" tabindex="-1"></a><span class="co">#&gt;  [6,]  3.673372e-01  1.080063e-08  1.552912e-08 -3.126969e-08  3.089753e-08</span></span>
<span id="cb4-119"><a href="#cb4-119" tabindex="-1"></a><span class="co">#&gt;  [7,]  1.080063e-08  2.828230e-01 -8.260814e-03  1.596223e-07  1.382654e-08</span></span>
<span id="cb4-120"><a href="#cb4-120" tabindex="-1"></a><span class="co">#&gt;  [8,]  1.552912e-08 -8.260814e-03  2.185987e-01  1.520667e-07  6.774348e-08</span></span>
<span id="cb4-121"><a href="#cb4-121" tabindex="-1"></a><span class="co">#&gt;  [9,] -3.126969e-08  1.596223e-07  1.520667e-07  2.185237e-01 -4.635108e-08</span></span>
<span id="cb4-122"><a href="#cb4-122" tabindex="-1"></a><span class="co">#&gt; [10,]  3.089753e-08  1.382654e-08  6.774348e-08 -4.635108e-08  2.450074e-01</span></span>
<span id="cb4-123"><a href="#cb4-123" tabindex="-1"></a><span class="co">#&gt; </span></span>
<span id="cb4-124"><a href="#cb4-124" tabindex="-1"></a><span class="co">#&gt; $wiList[[5]]</span></span>
<span id="cb4-125"><a href="#cb4-125" tabindex="-1"></a><span class="co">#&gt;                [,1]          [,2]          [,3]          [,4]          [,5]</span></span>
<span id="cb4-126"><a href="#cb4-126" tabindex="-1"></a><span class="co">#&gt;  [1,]  2.696786e-01 -3.701333e-08  3.635306e-08  5.436142e-08  1.091777e-08</span></span>
<span id="cb4-127"><a href="#cb4-127" tabindex="-1"></a><span class="co">#&gt;  [2,] -3.701333e-08  2.633157e-01  8.783509e-08  6.468505e-08 -8.228316e-08</span></span>
<span id="cb4-128"><a href="#cb4-128" tabindex="-1"></a><span class="co">#&gt;  [3,]  3.635306e-08  8.783509e-08  3.137334e-01  2.881795e-08  6.101027e-08</span></span>
<span id="cb4-129"><a href="#cb4-129" tabindex="-1"></a><span class="co">#&gt;  [4,]  5.436142e-08  6.468505e-08  2.881795e-08  2.392458e-01 -7.359226e-08</span></span>
<span id="cb4-130"><a href="#cb4-130" tabindex="-1"></a><span class="co">#&gt;  [5,]  1.091777e-08 -8.228316e-08  6.101027e-08 -7.359226e-08  2.638354e-01</span></span>
<span id="cb4-131"><a href="#cb4-131" tabindex="-1"></a><span class="co">#&gt;  [6,]  4.733993e-08  3.113974e-08 -4.558308e-09  9.448816e-08  4.487320e-07</span></span>
<span id="cb4-132"><a href="#cb4-132" tabindex="-1"></a><span class="co">#&gt;  [7,] -5.386040e-08 -5.345303e-08  2.775889e-08  1.833435e-08  4.890359e-08</span></span>
<span id="cb4-133"><a href="#cb4-133" tabindex="-1"></a><span class="co">#&gt;  [8,] -5.459816e-08 -1.109047e-07 -1.379309e-07  1.745435e-07  1.556080e-02</span></span>
<span id="cb4-134"><a href="#cb4-134" tabindex="-1"></a><span class="co">#&gt;  [9,] -7.799216e-08 -6.140479e-09 -1.627777e-07  1.651508e-07 -1.981909e-06</span></span>
<span id="cb4-135"><a href="#cb4-135" tabindex="-1"></a><span class="co">#&gt; [10,]  1.004802e-07 -2.164328e-08 -4.781021e-08 -1.689367e-08  1.026632e-07</span></span>
<span id="cb4-136"><a href="#cb4-136" tabindex="-1"></a><span class="co">#&gt;                [,6]          [,7]          [,8]          [,9]         [,10]</span></span>
<span id="cb4-137"><a href="#cb4-137" tabindex="-1"></a><span class="co">#&gt;  [1,]  4.733993e-08 -5.386040e-08 -5.459816e-08 -7.799216e-08  1.004802e-07</span></span>
<span id="cb4-138"><a href="#cb4-138" tabindex="-1"></a><span class="co">#&gt;  [2,]  3.113974e-08 -5.345303e-08 -1.109047e-07 -6.140479e-09 -2.164328e-08</span></span>
<span id="cb4-139"><a href="#cb4-139" tabindex="-1"></a><span class="co">#&gt;  [3,] -4.558308e-09  2.775889e-08 -1.379309e-07 -1.627777e-07 -4.781021e-08</span></span>
<span id="cb4-140"><a href="#cb4-140" tabindex="-1"></a><span class="co">#&gt;  [4,]  9.448816e-08  1.833435e-08  1.745435e-07  1.651508e-07 -1.689367e-08</span></span>
<span id="cb4-141"><a href="#cb4-141" tabindex="-1"></a><span class="co">#&gt;  [5,]  4.487320e-07  4.890359e-08  1.556080e-02 -1.981909e-06  1.026632e-07</span></span>
<span id="cb4-142"><a href="#cb4-142" tabindex="-1"></a><span class="co">#&gt;  [6,]  3.673373e-01  1.426382e-08  6.016959e-03 -1.600111e-06  6.783164e-08</span></span>
<span id="cb4-143"><a href="#cb4-143" tabindex="-1"></a><span class="co">#&gt;  [7,]  1.426382e-08  3.330279e-01 -5.160441e-08  6.148789e-09  9.147291e-08</span></span>
<span id="cb4-144"><a href="#cb4-144" tabindex="-1"></a><span class="co">#&gt;  [8,]  6.016959e-03 -5.160441e-08  2.186027e-01 -3.638121e-02 -1.351964e-07</span></span>
<span id="cb4-145"><a href="#cb4-145" tabindex="-1"></a><span class="co">#&gt;  [9,] -1.600111e-06  6.148789e-09 -3.638121e-02  2.130904e-01 -2.347564e-07</span></span>
<span id="cb4-146"><a href="#cb4-146" tabindex="-1"></a><span class="co">#&gt; [10,]  6.783164e-08  9.147291e-08 -1.351964e-07 -2.347564e-07  2.625927e-01</span></span>
<span id="cb4-147"><a href="#cb4-147" tabindex="-1"></a><span class="co">#&gt; </span></span>
<span id="cb4-148"><a href="#cb4-148" tabindex="-1"></a><span class="co">#&gt; </span></span>
<span id="cb4-149"><a href="#cb4-149" tabindex="-1"></a><span class="co">#&gt; $v</span></span>
<span id="cb4-150"><a href="#cb4-150" tabindex="-1"></a><span class="co">#&gt;            [,1]       [,2]       [,3]       [,4]       [,5]</span></span>
<span id="cb4-151"><a href="#cb4-151" tabindex="-1"></a><span class="co">#&gt; [1,] 1.03047382 0.10287013 0.06542953 0.14150132 0.02529723</span></span>
<span id="cb4-152"><a href="#cb4-152" tabindex="-1"></a><span class="co">#&gt; [2,] 0.10287013 1.01474233 0.05031716 0.06473210 0.03100178</span></span>
<span id="cb4-153"><a href="#cb4-153" tabindex="-1"></a><span class="co">#&gt; [3,] 0.06542953 0.05031716 1.02153649 0.08949056 0.10786958</span></span>
<span id="cb4-154"><a href="#cb4-154" tabindex="-1"></a><span class="co">#&gt; [4,] 0.14150132 0.06473210 0.08949056 1.03582598 0.10171589</span></span>
<span id="cb4-155"><a href="#cb4-155" tabindex="-1"></a><span class="co">#&gt; [5,] 0.02529723 0.03100178 0.10786958 0.10171589 1.02009829</span></span>
<span id="cb4-156"><a href="#cb4-156" tabindex="-1"></a><span class="fu">cov2cor</span>(aa<span class="sc">$</span>v)</span>
<span id="cb4-157"><a href="#cb4-157" tabindex="-1"></a><span class="co">#&gt;            [,1]       [,2]       [,3]       [,4]       [,5]</span></span>
<span id="cb4-158"><a href="#cb4-158" tabindex="-1"></a><span class="co">#&gt; [1,] 1.00000000 0.10059883 0.06377176 0.13696153 0.02467365</span></span>
<span id="cb4-159"><a href="#cb4-159" tabindex="-1"></a><span class="co">#&gt; [2,] 0.10059883 1.00000000 0.04942097 0.06313911 0.03047107</span></span>
<span id="cb4-160"><a href="#cb4-160" tabindex="-1"></a><span class="co">#&gt; [3,] 0.06377176 0.04942097 1.00000000 0.08699752 0.10566984</span></span>
<span id="cb4-161"><a href="#cb4-161" tabindex="-1"></a><span class="co">#&gt; [4,] 0.13696153 0.06313911 0.08699752 1.00000000 0.09895196</span></span>
<span id="cb4-162"><a href="#cb4-162" tabindex="-1"></a><span class="co">#&gt; [5,] 0.02467365 0.03047107 0.10566984 0.09895196 1.00000000</span></span></code></pre></div>
</div>
<div id="estiamte-general-networks" class="section level3">
<h3>estiamte general networks</h3>
<div class="sourceCode" id="cb5"><pre class="sourceCode r"><code class="sourceCode r"><span id="cb5-1"><a href="#cb5-1" tabindex="-1"></a>aa<span class="ot">=</span><span class="fu">lglasso</span>(<span class="at">data=</span>ddata,<span class="at">lambda =</span> <span class="fl">0.1</span>,<span class="at">type=</span><span class="st">&quot;general&quot;</span>)</span>
<span id="cb5-2"><a href="#cb5-2" tabindex="-1"></a>aa</span>
<span id="cb5-3"><a href="#cb5-3" tabindex="-1"></a><span class="co">#&gt; $w</span></span>
<span id="cb5-4"><a href="#cb5-4" tabindex="-1"></a><span class="co">#&gt;              [,1]        [,2]         [,3]        [,4]        [,5]         [,6]</span></span>
<span id="cb5-5"><a href="#cb5-5" tabindex="-1"></a><span class="co">#&gt;  [1,]  2.82685019  0.25383230  0.228996271 -0.15762701  0.27266289 -0.136984454</span></span>
<span id="cb5-6"><a href="#cb5-6" tabindex="-1"></a><span class="co">#&gt;  [2,]  0.25383230  2.83070278  0.017666069 -0.32606181  0.08032448  0.041721931</span></span>
<span id="cb5-7"><a href="#cb5-7" tabindex="-1"></a><span class="co">#&gt;  [3,]  0.22899627  0.01766607  3.102689933 -0.20586032 -0.07727226 -0.006387684</span></span>
<span id="cb5-8"><a href="#cb5-8" tabindex="-1"></a><span class="co">#&gt;  [4,] -0.15762701 -0.32606181 -0.205860317  3.24804024 -0.29554818 -0.124698459</span></span>
<span id="cb5-9"><a href="#cb5-9" tabindex="-1"></a><span class="co">#&gt;  [5,]  0.27266289  0.08032448 -0.077272259 -0.29554818  2.83302696  0.124820967</span></span>
<span id="cb5-10"><a href="#cb5-10" tabindex="-1"></a><span class="co">#&gt;  [6,] -0.13698445  0.04172193 -0.006387684 -0.12469846  0.12482097  1.818095132</span></span>
<span id="cb5-11"><a href="#cb5-11" tabindex="-1"></a><span class="co">#&gt;  [7,]  0.07118733  0.37458360 -0.036088082  0.19480311  0.24497377  0.187452093</span></span>
<span id="cb5-12"><a href="#cb5-12" tabindex="-1"></a><span class="co">#&gt;  [8,] -0.02834933 -0.24139630 -0.113451922  0.05430415  0.06383854 -0.316389539</span></span>
<span id="cb5-13"><a href="#cb5-13" tabindex="-1"></a><span class="co">#&gt;  [9,]  0.53831972  0.02985377  0.045481689  0.39446408 -0.15087097 -0.240557008</span></span>
<span id="cb5-14"><a href="#cb5-14" tabindex="-1"></a><span class="co">#&gt; [10,]  0.09606738  0.12157522  0.092458576  0.06343824 -0.15496938 -0.297797007</span></span>
<span id="cb5-15"><a href="#cb5-15" tabindex="-1"></a><span class="co">#&gt;              [,7]        [,8]        [,9]       [,10]</span></span>
<span id="cb5-16"><a href="#cb5-16" tabindex="-1"></a><span class="co">#&gt;  [1,]  0.07118733 -0.02834933  0.53831972  0.09606738</span></span>
<span id="cb5-17"><a href="#cb5-17" tabindex="-1"></a><span class="co">#&gt;  [2,]  0.37458360 -0.24139630  0.02985377  0.12157522</span></span>
<span id="cb5-18"><a href="#cb5-18" tabindex="-1"></a><span class="co">#&gt;  [3,] -0.03608808 -0.11345192  0.04548169  0.09245858</span></span>
<span id="cb5-19"><a href="#cb5-19" tabindex="-1"></a><span class="co">#&gt;  [4,]  0.19480311  0.05430415  0.39446408  0.06343824</span></span>
